8 0.22 72.56 495.11 sherd_1
8 0.53 292.86 487.59 sherd_2
8 0.34 180.83 493.23 sherd_3
18 0.31 114.29 491.35 sherd_4
8 0.6 239.85 490.23 sherd_5
35 0.22 350.0 487.97 sherd_6
33 0.09 674.81 483.46 sherd_7
35 0.32 546.99 480.45 sherd_8
8 0.39 431.95 479.7 sherd_9
35 0.31 265.79 437.97 sherd_10
8 0.14 68.42 443.23 sherd_11
2 0.25 638.35 436.47 sherd_12
8 0.57 700.38 422.56 sherd_13
8 0.44 431.58 406.39 sherd_14
35 0.13 142.48 416.54 sherd_15
2 0.09 527.07 404.51 sherd_16
18 0.17 76.32 390.23 sherd_17
9 0.18 694.36 357.14 sherd_18
2 0.16 632.33 364.29 sherd_19
8 0.4 123.31 344.36 sherd_20
8 0.43 168.42 341.73 sherd_21
8 0.71 551.13 345.86 sherd_22
8 0.3 489.85 350.0 sherd_23
35 0.36 322.93 359.02 sherd_24
8 0.35 80.08 311.65 sherd_25
18 0.24 646.99 301.5 sherd_26
18 0.23 556.02 276.32 sherd_27
8 0.34 521.43 277.07 sherd_28
8 0.36 407.52 231.58 sherd_29
8 0.25 671.43 221.43 sherd_30
0 0.12 136.09 248.12 sherd_31
64 0.18 542.48 221.05 sherd_32
0 0.17 308.65 226.32 sherd_33
8 0.33 670.3 151.88 sherd_34
8 0.24 630.83 147.37 sherd_35
8 0.34 523.31 141.73 sherd_36
35 0.39 444.36 145.11 sherd_37
30 0.25 130.08 127.07 sherd_38
8 0.27 364.66 92.11 sherd_39
30 0.13 325.56 86.47 sherd_40
51 0.24 244.74 105.64 sherd_41
8 0.39 434.59 88.35 sherd_42
18 0.11 639.1 90.23 sherd_43
2 0.16 513.91 83.08 sherd_44
