519.5 727.0
515.5 614.5
519.5 727.0
515.5 614.5
705.5 610.0
321.0 628.5
164.5 481.5
370.5 467.5
249.0 471.0
670.0 447.5
887.5 408.5
347.5 229.5
198.5 259.5
649.0 214.0
742.0 206.5
502.0 220.0
584.5 128.5
442.0 122.5
519.5 727.0
515.5 614.5
705.5 610.0
321.0 628.5
164.5 481.5
370.5 467.5
249.0 471.0
670.0 447.5
887.5 408.5
347.5 229.5
198.5 259.5
649.0 214.0
742.0 206.5
502.0 220.0
584.5 128.5
442.0 122.5
519.5 727.0
515.5 614.5
705.5 610.0
321.0 628.5
164.5 481.5
370.5 467.5
249.0 471.0
670.0 447.5
887.5 408.5
347.5 229.5
198.5 259.5
649.0 214.0
742.0 206.5
502.0 220.0
584.5 128.5
442.0 122.5
519.5 727.0
515.5 614.5
705.5 610.0
321.0 628.5
164.5 481.5
370.5 467.5
249.0 471.0
670.0 447.5
887.5 408.5
347.5 229.5
198.5 259.5
649.0 214.0
742.0 206.5
502.0 220.0
584.5 128.5
442.0 122.5
519.5 727.0
515.5 614.5
705.5 610.0
321.0 628.5
164.5 481.5
370.5 467.5
249.0 471.0
670.0 447.5
887.5 408.5
347.5 229.5
198.5 259.5
649.0 214.0
742.0 206.5
502.0 220.0
584.5 128.5
442.0 122.5
519.5 727.0
515.5 614.5
705.5 610.0
321.0 628.5
164.5 481.5
370.5 467.5
249.0 471.0
670.0 447.5
887.5 408.5
347.5 229.5
198.5 259.5
649.0 214.0
742.0 206.5
502.0 220.0
584.5 128.5
442.0 122.5
519.5 727.0
515.5 614.5
705.5 610.0
321.0 628.5
164.5 481.5
370.5 467.5
249.0 471.0
670.0 447.5
887.5 408.5
347.5 229.5
198.5 259.5
649.0 214.0
742.0 206.5
502.0 220.0
584.5 128.5
442.0 122.5
519.5 727.0
515.5 614.5
705.5 610.0
321.0 628.5
164.5 481.5
370.5 467.5
249.0 471.0
670.0 447.5
887.5 408.5
347.5 229.5
198.5 259.5
649.0 214.0
742.0 206.5
502.0 220.0
584.5 128.5
442.0 122.5
519.5 727.0
515.5 614.5
705.5 610.0
321.0 628.5
164.5 481.5
370.5 467.5
249.0 471.0
670.0 447.5
887.5 408.5
347.5 229.5
198.5 259.5
649.0 214.0
742.0 206.5
502.0 220.0
584.5 128.5
442.0 122.5
